75 76 77 80 82 85 84
49 52 53 55 58 59 61 61
54 57 60 62 66
4 6 8 10 11 14 19
82 85 86 83 85 87 89
85 86 87 86 89 88
69 72 73 76 77 74 75 75
4 6 4 5 8 11 15
6 9 10 12 15 16 15 20
41 43 43 45 48 51
48 51 53 53 56 58 59 58
67 69 71 74 74 77 77
82 83 85 85 89
21 24 26 26 29 31 36
4 7 10 11 15 18 20 21
56 58 60 63 65 69 70 68
24 26 30 32 33 35 35
12 13 15 17 20 24 25 29
52 53 54 57 58 59 63 68
43 46 48 55 58 59
15 16 23 26 27 28 26
49 50 53 56 59 64 64
56 58 59 65 69
3 5 6 8 13 18
45 44 46 47 50 52 54
37 35 36 37 34
53 50 51 53 54 56 56
80 78 79 80 81 83 86 90
32 31 34 37 40 45
76 75 77 79 77 80
26 25 22 24 23
27 26 23 24 25 25
96 93 96 93 97
37 34 35 36 39 36 38 45
68 65 66 67 67 70 72
41 39 42 42 43 40
88 86 89 90 90 91 93 93
24 23 25 26 26 28 32
79 77 77 80 83 88
50 48 50 52 55 58 62 63
39 38 39 41 45 47 48 45
40 38 41 42 44 45 49 49
50 49 53 56 60
74 73 77 80 86
40 37 38 39 42 48 49 50
12 11 17 20 22 23 25 23
74 71 73 75 80 83 83
20 17 23 25 29
32 30 37 39 42 48
80 80 83 86 87
73 73 76 78 80 83 85 82
19 19 22 25 28 30 32 32
43 43 46 49 53
69 69 72 75 80
24 24 25 22 25 27
60 60 58 61 64 65 62
52 52 50 51 53 55 55
56 56 59 56 60
37 37 38 36 38 45
7 7 9 12 12 13 14 16
52 52 55 57 57 56
89 89 89 91 91
7 7 7 10 13 15 17 21
43 43 44 47 50 50 52 58
4 4 5 9 10 11 14 17
11 11 13 17 15
7 7 11 14 14
55 55 58 62 64 66 70
75 75 78 79 81 85 88 94
56 56 63 64 67
5 5 7 10 12 13 18 16
32 32 38 41 43 44 47 47
36 36 43 44 48
9 9 12 17 22
11 15 16 18 20 21 23 26
50 54 55 57 60 62 64 61
86 90 92 94 95 95
84 88 90 93 97
3 7 9 12 15 21
36 40 41 44 47 46 47 50
39 43 45 43 46 47 50 47
84 88 90 87 90 90
2 6 7 4 6 10
31 35 34 35 36 39 45
11 15 15 16 18
1 5 7 9 11 14 14 13
54 58 60 60 63 63
52 56 58 60 60 64
61 65 65 66 71
48 52 55 56 60 61
77 81 84 88 89 86
58 62 63 66 67 71 74 74
71 75 78 81 82 84 88 92
82 86 87 91 98
41 45 48 50 55 58 61
70 74 77 78 83 86 88 85
71 75 82 84 84
19 23 30 31 35
59 63 70 72 77
45 51 53 55 56
8 14 16 19 17
46 52 55 58 58
71 77 79 82 84 87 88 92
68 75 77 80 87
29 35 38 35 36 38 39
34 39 38 41 43 45 42
26 33 35 34 36 39 41 41
85 92 95 92 96
33 38 40 39 40 41 48
83 89 92 93 93 94 95 96
85 92 95 95 97 96
54 59 59 60 61 62 64 64
27 34 35 37 37 41
69 75 77 79 81 81 86
25 30 31 32 36 38
51 58 62 63 64 63
54 61 62 65 69 72 74 74
59 66 68 69 73 76 79 83
14 19 20 24 30
33 40 42 48 51 52
28 33 36 37 42 45 43
44 50 55 58 58
14 21 22 29 30 34
35 40 43 49 52 53 59
63 61 58 56 54 51 53
52 49 46 45 45
74 72 69 68 67 63
80 77 74 73 72 67
77 74 76 73 70 68 67
20 17 16 15 17 19
45 42 41 38 36 35 38 38
55 54 56 53 49
20 18 17 15 14 16 10
17 14 14 12 10 8 6
72 71 69 68 66 66 63 65
31 30 30 27 26 25 24 24
51 49 48 48 47 43
26 24 24 21 20 14
19 18 14 13 10 8
84 81 80 76 78
47 45 41 38 35 35
68 67 64 60 56
74 71 68 66 62 60 54
43 41 38 36 33 27 26
63 60 53 51 54
29 28 23 20 17 16 14 14
46 45 42 39 34 31 30 26
23 21 19 13 11 5
27 29 26 24 23 22 19
86 88 86 83 81 79 81
57 59 57 54 52 50 47 47
21 24 21 18 14
61 63 62 61 59 57 50
96 99 97 98 96 95 92
66 69 71 69 71
41 43 42 39 37 40 37 37
79 82 85 84 80
77 79 77 78 73
22 24 24 22 20
63 66 64 64 66
19 22 22 21 18 18
95 97 97 95 93 91 87
32 33 31 29 29 28 25 18
42 44 43 39 38 36 34 31
27 29 27 24 22 18 20
20 22 18 15 15
68 69 65 63 59
79 81 77 76 73 72 67
68 70 69 63 62 60 59 56
42 44 39 36 33 36
88 90 87 82 81 79 79
66 69 66 59 58 54
70 71 70 68 66 60 54
77 77 76 74 72 71 69 66
43 43 40 37 34 33 36
21 21 20 18 18
34 34 32 29 27 25 22 18
79 79 78 76 73 66
89 89 92 90 88
77 77 75 73 72 73 76
84 84 83 85 85
30 30 28 26 23 22 25 21
22 22 25 23 21 20 15
66 66 66 64 63 62 60 57
75 75 73 70 67 67 68
33 33 33 30 27 25 22 22
55 55 52 50 50 46
40 40 38 38 37 32
63 63 62 58 55
95 95 94 90 92
87 87 85 82 78 78
88 88 84 83 79
85 85 83 79 73
53 53 51 44 42
12 12 7 5 4 6
53 53 48 47 44 44
35 35 32 25 22 18
46 46 39 36 34 27
26 22 21 19 18 15
91 87 86 85 83 85
24 20 17 15 14 14
66 62 60 57 54 50
67 63 62 60 59 57 51
41 37 35 38 37 36 33 31
18 14 15 12 9 8 5 8
37 33 32 30 29 30 30
70 66 64 63 60 61 58 54
34 30 28 26 23 26 24 18
28 24 22 19 16 16 15
54 50 50 48 47 44 41 43
82 78 75 75 75
38 34 34 33 30 29 25
52 48 47 46 46 43 37
20 16 15 13 11 10 6 5
57 53 51 47 48
89 85 83 79 78 76 76
28 24 23 21 17 16 15 11
87 83 79 78 77 74 73 66
63 59 58 56 49 48
87 83 81 74 75
43 39 37 31 31
80 76 75 73 66 62
48 44 43 41 34 27
53 46 43 41 38 37 34
60 55 52 49 46 45 48
56 50 48 46 43 40 37 37
93 86 85 84 82 80 76
20 15 14 11 10 3
73 67 64 63 60 58 59 58
55 49 47 45 47 49
15 10 9 8 7 9 9
44 37 39 37 35 33 31 27
94 87 84 87 80
67 60 60 58 56
72 66 63 63 60 57 60
69 62 60 60 57 55 55
17 10 8 6 6 2
93 88 87 87 82
40 33 31 27 26
58 52 51 50 47 45 41 43
87 82 81 77 77
56 50 47 43 42 40 38 34
86 79 77 75 71 68 62
95 88 86 83 82 76 73
78 73 71 64 65
61 56 51 48 47 47
68 63 58 56 54 50
25 19 14 13 6
49 51 52 54 51
93 94 95 96 96
23 24 26 28 29 31 34 38
83 85 87 88 89 95
66 68 67 68 70
14 15 14 17 15
6 8 6 8 10 10
35 36 39 36 40
38 39 36 39 46
10 11 13 13 16 19
23 25 28 29 31 31 28
63 66 67 67 67
67 70 70 73 77
34 36 39 41 41 42 48
85 87 89 93 94 96
91 92 95 99 98
17 19 22 26 28 28
55 58 60 64 65 69
78 80 84 87 89 91 97
5 7 8 14 15 16 19
2 4 6 9 12 17 19 18
33 35 40 43 44 44
1 4 11 13 17
40 41 43 50 52 59
67 66 68 69 72
40 37 39 40 39
56 55 58 61 61
33 31 32 34 37 39 40 44
58 57 58 60 61 63 65 70
9 8 7 8 11
41 39 37 39 42 43 41
59 58 61 62 65 67 64 64
92 91 94 95 92 93 95 99
89 87 88 86 89 95
81 79 79 82 84 87 90 93
75 73 75 75 74
11 10 11 13 13 14 14
87 85 88 88 92
63 62 65 67 70 70 76
53 50 54 56 59 60 62
7 5 8 11 15 18 21 20
94 91 92 96 96
62 60 63 67 71
9 8 11 14 16 20 26
63 61 66 67 68 71 74
49 47 48 55 52
29 26 28 31 38 41 42 42
49 48 51 57 60 64
65 64 67 74 76 79 84
32 32 35 38 41 44 45
80 80 81 82 85 88 85
77 77 79 80 81 82 82
78 78 81 82 86
26 26 28 30 33 35 42
91 91 92 90 91 92
96 96 93 94 93
73 73 72 74 76 76
89 89 91 90 92 96
22 22 20 23 29
36 36 37 38 39 39 41 44
87 87 90 92 94 96 96 94
55 55 55 58 59 59
33 33 33 35 37 41
76 76 78 81 83 83 86 92
71 71 75 76 77 79
60 60 64 66 63
8 8 11 15 18 20 21 21
20 20 24 26 28 29 32 36
23 23 27 30 35
28 28 33 36 38 41 43
45 45 46 48 50 55 53
3 3 4 5 10 10
72 72 74 75 78 83 85 89
44 44 50 52 58
1 5 7 10 12
83 87 89 92 94 96 93
74 78 81 84 86 87 87
73 77 78 80 82 85 88 92
47 51 52 55 57 59 64
7 11 12 9 12 15 17
50 54 55 52 54 51
35 39 36 38 41 44 44
89 93 91 92 94 98
31 35 32 33 35 36 41
60 64 64 67 68
18 22 25 25 23
48 52 55 55 55
39 43 43 46 50
17 21 23 26 29 29 32 37
33 37 40 44 47
23 27 31 33 35 34
64 68 72 73 74 74
20 24 25 29 32 36
46 50 53 57 60 62 65 70
60 64 67 74 77 79
51 55 56 63 64 65 68 65
14 18 23 26 27 30 32 32
40 44 50 53 55 58 59 63
30 34 36 37 38 44 51
43 50 53 55 56 58
63 68 69 70 69
63 69 70 72 72
34 40 41 43 46 47 49 53
40 45 47 49 51 57
6 13 15 18 15 17 19
4 10 11 9 10 11 8
27 34 37 40 42 41 43 43
76 82 85 83 86 90
22 27 26 27 34
47 53 53 55 58
52 59 59 61 63 65 68 66
17 23 26 27 30 30 31 31
16 23 26 29 29 32 36
52 57 60 60 63 66 73
23 29 30 34 36
4 11 13 17 14
20 25 26 30 32 34 34
62 69 73 76 77 81
34 41 44 48 50 55
47 53 55 61 63
40 45 48 51 57 60 61 59
68 75 81 83 86 87 90 90
68 74 77 82 83 86 90
49 54 55 61 62 64 65 71
60 57 56 54 53 50 51
97 94 93 92 90 88 86 86
67 64 62 61 57
74 72 71 68 65 59
97 94 95 92 91 90 89
72 70 68 67 66 68 69
76 73 70 67 66 63 64 64
30 29 26 25 28 25 22 18
77 76 74 75 69
88 85 82 82 80
73 72 69 67 64 61 61 62
61 60 58 58 55 55
47 46 43 43 42 41 37
16 15 13 12 12 10 3
26 25 23 19 16
71 68 66 62 60 59 56 57
55 52 50 46 45 42 41 41
96 93 92 88 87 86 82
87 84 80 77 74 73 68
42 39 36 33 32 25 23
93 92 91 88 86 80 79 81
87 86 85 84 77 77
84 83 80 79 74 73 70 66
94 91 90 83 76
8 9 8 5 2
15 17 16 15 13 10 13
75 78 77 75 74 73 73
50 51 49 47 45 41
60 63 61 58 51
8 10 9 10 9 8 5 3
51 54 52 49 52 50 48 50
46 49 52 50 48 48
27 30 28 30 28 26 22
53 54 56 55 54 51 44
52 55 52 52 49 46 44 43
76 79 78 78 80
59 60 58 57 54 53 53 53
28 30 29 27 27 23
22 23 20 20 17 14 9
53 56 55 53 49 47 45 43
67 70 66 63 65
84 87 85 81 78 76 76
47 48 47 43 42 38
27 28 25 21 20 15
75 77 72 70 69
19 20 18 17 14 9 7 10
53 55 48 47 44 44
94 95 89 87 86 85 83 79
93 95 89 88 86 81
28 28 27 26 23
21 21 18 17 16 19
68 68 66 63 62 60 57 57
70 70 68 65 61
21 21 20 19 17 15 13 6
33 33 31 30 32 31 28
32 32 29 31 28 25 28
20 20 18 15 12 9 10 10
25 25 22 24 22 18
92 92 95 93 86
12 12 11 9 6 4 4 3
45 45 43 40 37 37 40
4 4 3 3 3
8 8 7 7 6 2
14 14 12 10 9 7 7 1
18 18 16 14 11 9 5 3
31 31 27 26 23 20 21
31 31 29 26 22 21 21
48 48 46 45 43 42 38 34
93 93 90 88 86 85 81 74
30 30 27 22 20
92 92 87 85 88
77 77 75 74 71 69 62 62
25 25 23 20 17 16 10 6
82 82 76 75 74 67
20 16 14 12 10 8 7 6
50 46 44 42 39 41
78 74 71 68 68
54 50 47 45 42 41 37
99 95 92 91 89 82
74 70 71 70 68 65
55 51 50 52 49 52
72 68 66 67 65 65
33 29 30 27 24 22 21 17
71 67 64 67 61
51 47 44 42 42 39
63 59 59 56 53 55
81 77 75 73 73 71 71
22 18 18 15 13 9
80 76 76 73 66
54 50 46 43 40
87 83 82 78 75 73 71 74
14 10 9 5 5
37 33 29 26 25 22 20 16
94 90 88 86 85 81 76
45 41 39 32 30
83 79 78 73 74
94 90 89 88 83 83
46 42 39 36 34 27 26 22
22 18 13 10 5
44 37 34 31 30
51 45 44 42 41 44
30 24 21 20 19 17 15 15
59 53 50 47 43
30 25 24 23 18
52 47 49 46 43 41 40
36 31 28 29 26 23 20 21
13 7 10 8 7 4 4
82 75 74 73 71 68 69 65
77 70 68 67 68 67 60
17 12 10 8 7 6 6 3
83 76 73 72 71 71 72
84 78 77 76 75 75 75
54 49 48 47 45 45 41
90 84 83 81 78 78 72
63 58 54 51 50 47 45
39 33 29 27 28
83 78 74 71 71
74 68 65 63 59 56 52
41 35 32 30 26 19
42 35 34 32 25 23 20
45 40 39 38 36 35 29 31
62 55 52 51 49 48 43 43
61 56 55 49 47 45 41
58 51 49 47 41 38 32
57 56 54 54 53 50 53
62 61 64 61 63 64 68
43 38 38 35 32 30 24
76 80 84 87 89 90 92 92
56 60 62 69 72
55 49 48 51 50 53
77 73 72 69 65
35 32 33 35 37 41 46
92 89 86 82 81 84
85 81 83 82 79 77 75 75
59 56 53 50 47 47 44 41
46 50 52 54 53 54 54
76 75 78 81 81 82 82
85 78 71 70 68
51 48 49 51 58 59 57
31 33 36 33 34 38
51 47 44 40 37 36 31
61 60 65 66 69 73
10 10 11 12 13 17
1 7 8 9 15 21
70 71 73 74 75 78 79 83
32 35 33 34 35 38
35 40 41 38 40 42 49
51 50 47 45 42 41 34
52 52 49 50 49
21 20 18 15 14 12 11
37 39 42 43 44 46 49 52
73 76 78 81 82 83 86 88
17 19 20 22 24
90 88 86 84 81 80 77
76 75 74 71 68 66 63 62
42 41 39 38 37 36 33 30
96 93 91 90 87
18 20 23 24 25 28
46 49 51 52 55
48 45 42 41 40 39
71 69 66 64 61
25 22 19 18 17
43 46 49 52 55 58 60
48 46 43 42 40 39 38 35
68 69 72 73 74
88 89 90 93 95
68 71 72 73 76 78 80 82
87 89 91 93 94 95
93 92 91 90 88 86 83 80
43 41 39 37 34 31
98 95 94 92 89 86
92 91 90 89 86 84 83
84 82 81 79 76
40 39 38 35 32 31 29
79 77 75 72 70 69
33 32 31 29 26 24 22 19
76 73 72 71 68 67
79 81 82 83 84 87
70 68 65 64 63 60
58 55 52 51 49 46
17 18 21 22 23
73 74 75 76 79
97 96 93 90 89 86 83 81
20 21 24 25 26 27
51 54 56 59 62 65
66 69 71 72 73
24 22 21 18 16
52 51 50 48 45 43 42 41
64 61 59 56 54
45 43 41 40 37
92 89 87 85 82 81 78 75
34 36 39 41 44 46 48 49
65 66 69 71 74 76
84 85 88 91 93 96
43 42 41 40 39
57 58 60 63 66 68 69
35 36 38 41 42 43 45 46
54 57 58 60 63
76 79 82 85 86 89 90
53 54 56 57 60
89 86 83 82 79
97 94 91 90 88 85 84 81
64 65 66 68 69 70
26 25 22 19 16 14 12
49 46 44 43 42 40
25 23 22 19 17
95 94 91 88 87 86 83 82
15 18 20 22 24 25 26
13 11 8 5 4 3
14 12 11 8 7 4 3
40 38 36 35 33 30 27
30 28 25 22 21 18 17
22 23 25 26 29 31 33 34
96 93 91 88 87 84
89 86 84 81 79 77
61 59 57 54 53 50 48
84 83 82 81 78 75
58 56 54 51 49 48 46 45
87 84 83 82 81 80 79 78
27 26 24 23 21 18
13 15 17 20 21 24 25 28
29 30 33 34 37 40
65 64 62 61 60
46 45 43 42 39 37
62 64 66 69 72 74
3 5 8 10 13
74 77 80 81 83 84 87
82 83 86 87 90 92 94
80 78 75 72 70 69 67
17 14 13 11 8 6
39 38 37 35 34 31 30 27
65 68 69 71 72
27 24 23 22 20 17 16
8 9 10 13 15 18
89 87 86 84 83
79 76 75 74 71 69 66 63
20 18 15 13 12 11 10 9
11 12 14 15 17 20 22
99 98 96 93 90
29 30 32 33 35 37
71 73 76 79 82 83 84
63 62 60 57 56
84 82 79 77 74 73 70
61 62 64 67 68 71 74
36 33 31 29 26
78 75 73 72 70
63 61 58 56 55 52 49 48
26 27 28 30 32 35
56 54 53 51 49
63 61 59 56 55
75 76 78 79 82 84 86 89
56 54 53 50 47 46 44
27 26 23 22 21 20 17 15
79 81 84 86 89 92
88 85 82 79 78 77 76 74
92 89 87 84 83
98 95 93 90 89 88
19 16 14 11 8 5
67 69 70 73 76
13 16 17 20 21 23 26 27
94 93 92 91 90
40 38 36 34 32
6 7 9 11 13 15 16
52 53 54 56 57 58 60 62
46 45 43 41 40 37 36
66 64 61 59 58
15 18 19 21 23 25 26 28
57 58 61 62 64 65 68 71
79 80 83 85 87 89 90
55 56 59 60 61 63 65
40 38 37 34 31 29 28 26
6 9 12 14 15 17 20
23 22 19 17 15
82 83 84 85 86 88 90
48 46 44 41 38 36 34
55 56 58 60 62 65
82 84 87 88 91 93 95
5 7 8 9 10 11 13 15
43 41 39 37 36 35
17 19 20 21 24
42 45 48 50 53 54 55
57 56 55 53 50 47
46 45 44 43 42
18 15 13 12 10 9
28 26 25 23 22 20 19 18
17 14 13 12 11 8 7 6
91 94 96 97 99
57 54 53 50 48 46 44
54 52 49 48 46
22 20 19 18 16 15 13 11
49 48 45 42 41
59 61 64 67 70 73 75 77
27 25 23 20 18
26 27 28 30 31 34
37 38 40 42 44 47 48
91 88 86 85 84 82 80
35 34 33 30 27
5 8 11 12 13 14 16 19
35 33 32 31 30 29
37 36 35 34 31 29 26
16 14 13 10 8
17 19 21 22 23 24 25
54 56 57 58 60 62 63 66
8 10 12 14 17
16 14 11 8 5
48 45 42 39 37 36 33 31
8 11 14 17 20 22 25 26
91 89 88 87 85 82
26 24 22 21 20 17 16
44 41 38 36 33 30 27 24
6 8 11 14 16 19
75 77 78 81 82 85 88 91
63 65 67 68 69 72 73
95 93 92 91 88
70 68 66 65 64 63 61 60
83 84 85 88 91 94
57 56 53 50 47 44
37 40 43 45 47 48 49
81 82 83 85 87 90
73 71 69 67 66 64 63 62
78 81 84 85 86 87
89 86 85 82 80 79
58 59 61 62 63 66 67 70
14 13 12 10 8
99 97 96 94 93 91 90 87
62 60 59 58 56 55
79 80 83 85 86 88 91 93
73 72 70 67 66 65 64
11 10 9 8 7
25 28 30 32 33
56 58 61 63 66 68 69
56 54 51 48 46 44 42 40
73 76 79 80 82 83
79 81 84 87 90
27 28 31 34 36 39
54 56 59 62 65 68 71 72
37 40 43 45 48
70 73 75 77 78 80 83
84 85 88 90 91 92
18 15 13 10 7 5 4 2
92 90 88 85 83
43 41 38 36 34 31 29 28
32 29 27 25 22 19
24 25 26 28 31 34
3 6 9 12 13 16 19 20
47 50 53 55 56 58 59
36 38 40 41 44 47
72 74 76 78 79 80 83
13 16 19 21 23 24 26
54 55 57 58 59 62 63 64
29 32 33 35 38 41 44
82 80 79 76 75
60 61 64 67 70
38 35 33 31 29 28 25 23
87 90 93 94 95 97
56 58 60 63 66
49 51 54 57 59 62 65
56 54 51 50 48 45
74 73 72 69 67 65 62 61
39 41 44 46 49 52
38 35 32 29 26
39 37 34 32 31 29 26 24
37 35 33 30 29
17 20 22 24 25
13 14 16 18 20 23 26
72 73 74 75 78
95 94 91 89 87 84 82
60 62 65 66 68
58 60 62 64 65
93 91 90 88 87 86 83 80
38 41 44 46 48 50 51 54
57 56 53 51 48 46 45
24 26 27 28 31 34
94 92 91 88 85 82 79 78
96 93 90 88 86 85 84 81
17 19 22 25 26 29 32
69 68 66 63 62 59 57
15 16 17 18 20 22 25
41 44 45 48 51 53 56
37 40 42 44 47 50 52 53
49 48 46 43 41
6 9 12 13 14 16 17 18
51 53 55 58 59 60 63 66
58 61 62 63 66 68 69 71
76 75 74 71 68 66
1 4 6 7 8 9
48 51 52 53 54 57
35 32 29 28 25 23 21
16 15 12 11 9 7 4
39 42 44 46 48
51 52 55 56 58 60 62 65
75 74 71 69 66
73 71 68 65 62 61 59 57
47 46 45 43 41 38 37
69 72 75 76 79 80
27 29 30 32 35 37
96 93 91 88 85
62 60 58 57 55
54 55 56 58 60 61 62
93 92 91 90 87 86 84
64 65 68 70 72 75
21 23 26 29 31 34
23 20 18 17 16
69 68 65 63 60 57 55
65 67 68 70 73 74
20 21 22 24 27 30 32
55 57 60 61 63 65 66
89 91 92 94 97 98
80 82 83 84 87 90 93 96
88 89 90 92 95
57 59 61 62 64 66 67
42 41 38 36 33 32 29
77 76 75 74 72 70 68 67
24 21 18 17 15
91 90 88 87 85
6 7 9 10 11 13 15 16
97 94 91 88 87 86
32 31 29 28 27
21 20 19 16 13 10 9
41 44 47 50 52 53 56
65 63 61 58 55 53 50 48
60 57 55 52 49 47 45 44
91 90 87 86 85 84 82
54 55 58 61 62 63 66 69
50 51 52 55 56 59 62
46 49 51 52 55 57
48 46 45 42 39
56 54 51 49 47 46 44 41
70 68 65 64 61 58 56 54
50 51 54 57 59
20 21 22 24 25
53 55 58 61 64 67 68
5 7 9 11 13
78 77 74 71 70
15 17 20 23 25 26 29 31
90 88 86 83 81
36 35 32 31 28
10 9 7 5 3 2
43 41 38 36 33
4 6 7 10 13 15
62 60 58 56 53 51 50
20 17 15 12 9 7 4
43 46 47 50 52
19 17 15 12 10 9 8
50 47 44 42 39 38 37
60 59 56 53 52 49 48
45 43 41 39 36 33 30
84 82 81 78 77 75
57 59 62 63 65 67 70
43 46 48 51 53 55
73 72 71 68 67 64 61 58
23 26 29 30 33 36 37
52 49 47 44 43 41
60 57 55 53 52
50 52 53 56 58 60
75 74 73 72 69
77 75 72 69 66 64 63
11 13 16 19 22 25
67 64 61 59 58 56 55 53
78 77 74 73 71 69 67 64
70 67 65 63 62 59
17 16 13 11 9 6 4 1
5 7 8 9 11 14 15
62 61 60 59 56 55
15 12 10 9 7
22 24 26 27 30 33 35
82 84 86 87 89
36 37 40 43 44 45 48
34 33 32 30 29 27 26 25
29 30 33 34 35 38 40
84 86 88 89 91 92 94 96
67 64 63 60 57 56 53
62 64 66 69 70 71
25 26 29 31 33 34
40 37 36 33 30 29 26
68 66 65 63 62 59 57 55
53 55 57 59 60
42 45 47 48 51 53 55
65 66 67 68 69
36 34 31 29 28 25 24
75 78 81 83 84 85
63 60 59 57 54 53 50 49
13 10 9 7 5 4 2
35 38 40 41 43 46 48
19 21 22 25 28 29 32
67 65 63 62 60
45 48 51 52 54
59 61 63 64 65 68 69
9 10 11 12 14 16 19 20
85 86 87 88 90 92 95 98
10 9 7 5 4
9 7 5 2 1
1 2 3 6 9 12 13 16
4 7 8 11 13 15 17 20
74 76 77 80 82 85 87 90
15 17 18 21 22 24
45 48 50 51 54 57
90 92 94 97 98
49 46 43 42 41 38 37 34
21 18 16 13 12 10 7 6
9 11 14 16 17 19 20 22
40 39 36 33 31 30 29
21 22 23 24 25
81 79 76 74 73 70 69 67
16 14 13 12 11 10 9
76 79 80 81 84 85 88
90 88 87 85 84 83 80
99 96 94 92 90 87 84
21 24 25 27 30
67 69 71 74 77 79
54 56 57 58 59 61 62 64
60 63 66 67 70
77 79 81 83 84 86 88
65 62 59 56 55 53 52 51
57 58 59 61 62 65 67
64 62 60 59 56 55
12 14 16 17 19 20
64 66 68 69 71 73
12 11 10 9 8 7 6
68 65 64 63 61
24 21 20 17 16 13 10 7
54 53 51 50 48
99 96 93 91 90 87 84
56 57 60 63 66 69 71
78 77 76 73 71
58 56 53 51 48 47
12 13 16 17 20 22
49 52 54 57 60
72 74 76 78 79 81
29 28 25 23 21 19
29 28 26 25 24 23 20
62 65 68 70 71 74 75 78
63 61 59 57 54 52
22 23 26 29 31 33 34 37
41 44 45 48 49 50 52
26 24 23 21 18
18 21 22 24 27 30 33 36
8 11 13 15 16 19
31 34 35 38 40 42 44 45
37 34 33 31 29 27
81 79 76 73 71 69 68
70 72 73 74 77 80
88 89 92 94 96
13 15 18 19 21 22 25 26
63 64 65 67 70 72
45 42 39 37 35 33 31 30
42 45 47 49 51 52
24 25 26 29 31 34
55 52 49 47 46 44 43 40
87 86 84 82 81
33 31 29 26 23 21
45 42 39 38 37
79 77 75 74 71 70 68
41 42 43 45 48
59 61 64 66 68 69 72 73
78 76 74 71 69 68
76 75 72 70 67 66
81 84 86 88 91 94 95
11 10 7 5 4 2
84 82 79 78 77 75 72 71
26 25 22 20 17 15
28 29 31 32 35 36
29 26 23 21 19 18 16
17 18 20 23 26 28 30 31
12 10 8 5 2 1
80 79 78 76 73 71 70
61 64 65 66 69 71 73
84 86 89 92 94 95 97 99
76 77 78 80 81 83
76 73 71 68 66
81 83 84 85 87
59 60 62 64 66 67 70 73
29 31 34 37 38 39
71 73 74 77 79 81 82
13 16 19 20 23 24 25 28
15 14 12 10 7 6 5 3
41 43 45 47 50 53 55 56
13 15 16 19 22
73 76 77 79 82 84 87
31 32 35 36 38 40
31 28 26 24 23 21
48 46 43 42 41 38 35 32
27 26 24 23 22 20 17
58 55 53 52 50 49 48 47
2 5 6 9 12 15 18
37 38 40 41 44 45 48 50
53 50 49 46 45
15 14 11 9 8 7 6 4
9 8 7 6 4 2
32 33 34 36 39 40
85 82 79 78 76 73 70 67
52 55 56 58 60 61
59 56 55 52 51
88 89 90 92 94
19 18 17 14 13
42 40 37 35 32
34 35 38 39 42 44 45
47 49 51 54 56 58 60 62
38 37 35 33 32 30
48 45 42 40 37 36 35 33
14 15 18 21 23 26
76 75 72 69 67 65 62 59
21 24 26 28 31 32
50 53 56 57 58 61
29 28 26 25 22 19 16 15
77 79 81 84 86 87
20 18 17 15 13 10 9 6
64 65 67 68 70
20 19 17 16 14
78 80 81 84 86
87 88 90 92 93
32 34 37 39 41 43 45 48
95 92 90 87 86
76 74 72 71 68
77 75 74 71 69 68
67 69 72 73 76 79 80 82
92 90 88 85 84 83 81 78
40 37 35 33 30
59 58 56 53 51
45 43 41 39 38
61 64 67 68 70
30 28 25 24 21 19 18 17
76 78 80 83 86
85 88 89 90 91 92
43 42 40 37 35 33 31 29
69 71 74 75 77 80
53 56 59 61 63 65 67 70
48 45 43 41 38 37 34





,what(936,615)*:who()[[[~:mul(364,505)~;&{-*mul(431,254))  select(){}#*+]mul(617,948)$mul(117,664){) &why()<,why()mul(271,823)what(674,989);/~{'+[mul(311,405),-!mul(651,968)$?;[from()+  {mul(595,193)*}]what()^mul(250,791)!mul(114,297))]$from()from(573,794)how()why()how()mul(130,657)how()select(){what()mul(676,119)>{~@{%why(105,423)mul(307,665)&mul(757,115)/'*{};:mul(800,484),[:(,+why()~mul(679,186)]#where()'~where() do()+mul(699,53))/>}mul(332,602)@)}})mul(393,425)?(<how()]select(807,161)/mul(223,376){@)@what()>why(265,628)where()how()when()mul(598,633)]>? mul(200,581)@+[$who()mul(627,543):%(<^?mul(884,432)mul(896,310)mul(49,151)#^where()<!mul(777,855) where()+what()select()^<how()select()&mul(981,680)who()what()&from()<;,^mul(731,718)why(959,241)mul(80,831)>^>(+-@mul(732,887)from()where()%)?@);mul(176,994):from()*;&,/?mul(436,323) what()select()->/}-?:mul(312,150):<+mul(156,680)#;who()mul(768,550)>how()>what()#why()${ , :{-mul(504,930):[when()^mul(558,410)}~+why():--#:(do()&]{where()#when()}#mul(407,999)%from(250,471)?,]why(49,835)#mul(936,375)where()mul(60,815)?&$+,,?who()mul(241,128)>]'?();-;&:where()when()~}when()#*mul(741,528)mul(163,283)select()[{}how()~+why()mul(980,471)select()mul(148,841)}]'how()~mul(742,591)-who()how()mul(40,958)why()>mul(280,999)how()+*:+<-,mul(854,484)]$'(~select(229,111) '#when(793,632)mul(732,170)-mulwhy())who(759,347)%$,;who()when()%mul(957,812)~when():(select()> (&)mul(573,961)what()what()#!)(where()[mul(99,37):why()(mul(297,734!-+mul(333,746)#?where():mul(60,228)#{)!who()%mul(89,999)])(>?why();^mul(359,707)*;select()mul(116,922)when():%[/who()*mul(320,991)
*+mul(493,591)-/}$mul(91,783)what()*%#^mul(806,374)where():[mul(958,335)-&&!from()$''mul(281who()*when()?%what(580,440)][+what()mul(509,540)+select()when()select(56,885)why(376,584);'mul(217,966)when()<@^+$,why()[mul(247,428)%,select()~mul(138,420)--mul(476,605){?mul(468,911)>!do()mul(255,269){who()%select()who()select()mul(36,834)!when(562,637)-@?select(933,67)how()[mul(739,400):what()]}*(mul(694,323)!^]mul(454,448)what(){>@;mul(272,610)mul(738,477);~ )from()$mul(876,457)); ;/+][from()<mul(259,75),>))when()#mul(483,391)'}where()'when(609,88)from(),@why();mul(153,986)%mul(591,201)mul(738,458)select()<-<#mul(773 -?what()select()[$when()where()mul(5,483)<%[mul(499,582)~mul(163,315)what()select()mul(402,163}mul(948,693)select()mul(831,988)'}(~<do()from()when()+what()]!where()+-mul(742,252)mul(71,665)](:when()$*!*mul(305,506)+%why(){~'-mul(611,831)how(729,272)where()what()how()select()where()@&,mul(382,736)>who()mul(446,802)how()mul(774,486)&%what()select();),^~>mul(755,126))where()mul(961,642)mul]]~when()from():'mul(858,593)why()><)mul(928,842)-)[mul(263,295)(@what()};, @mul(105,256)-#/>what()%mul(712,214)select()(from()mul(502,844)][(why()+(mul(321,154){what()[+why()mul(823,327),[when()#mul(340,443){'mul(96,564)when()what()/mul(851,26)mul(207,207)$where()##~?-why()^mul(675,26)<:%from()*!mul(327,650) mul(259,233)[(!mul(988,958)*,~~mul(251,348)what()+mul(914,701)/from()})<(^mul(787,646)?-?*what(579,540)select()mul(651,39)&#[+}*'^{mul(341,73):<!-mul(471,980),}&when()[<mul!$&/?)from()&select(),don't()mul(522where()[->mul(623,630)mul(84,356)(mul(323,42)why()}why(122,686)^$what()~';mul/do()#)select()+#where()mul(23,522)%)])mul(184,346from()]select()?mul(83,389)+how(),why()who()mul(142,536);:mul(928,118)why()<mul(341,471){}mul(130,941)mul(274,732)&mul(427;{why()why()+::(mul(519,641)+^~mul(93,21)select()/mul(419,474)&!?where()#-select();<]mul(865,554)+$&{mul(386,757)where()+how()mul(271,650)[+who()%mul(345,482)mul(736,453*from()where()where()-who()'^[&&mul(855,683)@who(852,718)why(177,55)(mul(209/;how(436,555)mul(185,844)[^!who()select()*what()mul(637,867)mul(470,964)!^mul(627,842)?*[when(606,82)[who()+~mul(94,30)?'+don't()&<from()mul(622,991)mul(374[why()-*,why()when(930,139)(mul(503,214)]mul(513,740)]:?how(772,306)mul(366,638)select()where()from()>mul(703,997))/where()why()%%-(,mul(65,386)#select()from()+^what()where();$mul(674,585)/%'/why()[/):#mul(971,693)#,/mul(335,902)select()>,+mul(191,675) mul(522,174){(who()mul(83:&mul(484,524):](*what()!^mul(178,617)**?@do()<]!^#)@]when()^mul(727,829)+)~+,how()^do()%[what()+]mul(839,249)@^mul(104,433)'* ;}@[^mul(692,606)select())(^from()*:(mul(24,900)&(select()+<mul(112,409$why()@!(~'mul(439,325)!mul(491,743)&-why()mul(799,106);[*+from()>when()mul(812,794)<;mul(925,341)>mul(365,784)*?^?~''~mul(275,690)who()select()[:($mul(447,489))^()*)%what()how()why(468,537)mul(77,201)();#^,>'mul(733,315)mul(850,854)@$why()(when()mul(421,536)what()'-^+>:why()mul(722,332)&from()#[*&<mul(143,275)& ;#mul(933,154)@when()#select()why()@%<!>mul(746,186)#*; /where()select()mul(376,137)'(]/+#from()mulwhat():;;~mul(229,429)%;^{ from(),@why()mul(169,569)/from()when()+<^where()mul(73,254),where()mul(84,140)}]mul(976,738)%>mul(350,459)#]'{mul(591,862)
[!(@{mul(366,513)mul(878,543)how()}mul(922,30)%select()?mul(767,176)select()mul]@[+)mul(815,681) :when();mul(87,245)*@?;why():&;<#mul(535,470){, @where()%how()mul(830who(575,955)what()#where(919,307)why()!*]~mul(233,814))<'>#?what()mul(127,180)+,where()>!::*mul(579,498*{<where()select()who()<}mul(172,295)from();(%why(404,83)mul(377,710)]mul(347,365)<!what()do():#what(377,980)*^mul(626,240)}!-what()~< mul(213,25)~{what())what()[~;what(){mul(429,995)mul(607,599)select()^from())mul(422,632)::from()~#?mul(660,585)](: who()^&#&why()mul(106,576)!where()~#}where()mul(239,746)*$]what()<]:'where()(mul(248,759)when()mul(768,310)&*+who() &mul(962,866)(/<&mul(109,205)mul(503,3)&*)?what()mul(45,709who()how()[who(603,202)?@%}&,mul(57,538)@-!&)what()+where()mul(111,110))}^!mul(262,491what();how()'!,mul(731,702)select()[[where()/>why()mul(418,393)~#:,;<do()-^mul^why()mul(256,197)&,)mul(703,130),<{?!}>mul(264,329))?~mul(743,344)':,)mul(727,235),!where()->what()^mul(236,130):mul(473,181)]select()&/-why()from()mul(121,297)?{;#[{'mul(416,389~from()-;][mul(31,555))#(>why(974,532)/)who()'~mul(486,593)'select()what()when()mul(365,633)/select()what()'@select()what(),mul(724,381)/+mul(166,268)!when(858,667)/)what()mul(133,803)+don't()when();how()mul(463,838)select(441,978)$?#{mul(317,193)why()#-@mul(410,395) /^?why())mul(504,778)(:how()&# @)$[mul(387,981))when(566,719)/who(250,360)who(137,588)mul(324,685)mul(604,345)+:select()mul(769,189)+what())mul(544,481) who()){*when()how()[)mul(453,120)mul(270,73)~:[#?what()do()'mul(412,833)#(who()>[@when() mul(133,896)(<(%from()select()'select()mul(416,503)(*}how(930,729):mul(198,432)};~,why()#+mul(925,673);how()mul(433,922<}]{(*&+%mul(872,81)^@[][)<mul(811,451)/^<)&@%^(from()mul(969,413)][mul(287,542))&']mul(4,533)#}mul(819,16)why()-{%mul(63,904)[+why()when()-;do(),]  };:,mul(496,817)@//%from()@/&-mul(388,913)where():who()?~where()when()when()>?mul(532,353)^*how()mul(883,756)do()'@mul(363,561)why(938,173)),{do()mul(940,613)#!#!%>where()})mul(582,742)#who()}]'from(628,90)select()~mul(230,336)when()%what()how()*how()'mul(390,297)mul(258,984)$,mul(67,720)#what()mul(718,797what()where()*~?(how()>]}?mul(490,457)&*]?:?mul(978,639)what()how()-'!who(),}:don't()>*mul(604,711)^-where()&] mul(879,235)where()mul(179,65)(?;)how()who()from()don't()why()how()who()!(from()]select(180,350)mul(23,319)#!(mul(789,115)from()*,($mul(231,932))#when();from()[mul(619,377)(where()don't()where(998,613);*mul(892,277)who()'who()who()mul(668,73)'where()  >^(why()mul(634,416)@+[~~mul(353,482)<<[,#~-select()do()mul(802,411)how():~{[mul(364,145)^ +@)$<+mul(738,946)}why()?}+)*^+$mul(198,712)/~!mul(740,158)^<^/!mul(904,309)%]how()who();mul(884,292)who()*^+mul(683,391)/)*)-+]mul(226,37)#select()why():-when())mul(194,461)+why()+how()mul(383,917>[-(why():#/when()mul(885,707))>select()]@*do()*{#*mul(166,956)select()@-when()>%mul(692,209)+<~~what()$(mul(828,644)&why(799,466)$why()-!mul(691,598)who(868,775)]who()~~when()'mul(759,166)}what()%]](}&mul(144,589)}>mul(211,314)' why()mul(471,19)+mul(378,424)%who()~@&how()^what()~^mul(980,381)mul(538,166)@who()how()do()who(459,112)how()why()select()$@when()when()<[mul(434,460)from() *(mul(575,162)$+^why()[mul(528,793)^/when()mul(406,843),#when();mul(753,396)/+&&@]do()%what()@what()!when()how()@what()~mul(322,908)where()']-;'mul(759,320)&~/$who()[+mul(86,675)^]+how()&mul(91,996)+^mul(262,908)/why()mul(250,843)+ why()how(){)]&'#!/usr/bin/perlmul(629,107)
?+when()-mul(895*,!$;[~?/don't()';#mul(813,596){;mul(443,525)mul(568,373)mul(562,661)select()'select()#~'from(541,223) :why()mul]$%mul(235,124)where()-:from()<*@who()-?mul(268,919)mul(460,967) ~mul(71,173)(who(17,54)#where()select()~how()mul(502,446)@how():(mul(724,103)*mul ~how()how()~'%>}what()select()mul(206,702)why()%?~mul(152,874)when()where()who()<#}(^<[mul(784,415)when()#);{>mul(648,341)mul(842,838)*;from()when()'mul(334,67) /#mul(964,285)]:how()!mul(985,585)<mul(730,567);,how()~%don't()-)mul(607,64)[#{mul(228,144)&@select()-what()why()}}[,mul(451when() mul(119,98)<,,)(/mul(595,33)'}mul^&from()-select()where() select()mul(65,656)what()~how()who()+@$who()where()from()do()mul(831,326)@!;[mul(228,359)+don't()?from()]$where()']/select(154,965)}mul(343,730)&select()!from()from()!@@+)mul(528,263)what(934,240)@$[<>!mul(120,507)mul(679,201)what()when():@/+select()]mul(634,373)what(),'from(471,181)%%)mul(899,586)>%-{*?}]when()mul(943,417){from()^/,/why()mul(304,754)mul(813,371)&>,mul(447,797)&#$)>>{{<mul(952,912)select()+]+do()< #where()<#mul(746,848)%;mul(73,665)&;]-}?*$*mul(725,51)how(218,595)why(108,288)%}who()?mul(364,687)mul(844,216)%^:}}@#mul(887,733)where()(%?%mul(906,851)+<mul(989,853)]}/#<'do()>+from()when()('}mul(166,556)what()mul(67,233)how(){mul(736,874)$,-mul(314,249)why() -how()$,where()select()<from()mul(770,98)-&>mul(224when(379,562)#^+from()/-mul(755,62);-*mul(250,569)+who(307,838)+-from()mul(637,410)mul}:$$$mul(868,919)!when(){^&from()mul(587,834),mul(41,503),/!/]):[mul(266,118)<{<(&do()! <>from()mul;%what()'$>what()[mul(709,366):%why()(?#]+?mul(955,288)who()#what()mul(990,858)$% when()&*mul(409,113)/ from(),&-(*mul(456,740)do()>who()what()why()%what()[mul(810,186)mul(263,285)$'from()*:select()where()who())do()-%(why()@&mul(705,640);>select()why(61,263) {where()mul(742,869)when()mul(651,369){ why()why()how()'@mul(661,360)where()(~)mul(432,713)>/</$)how() what()<mul(950,192)mul(992,151)~ where():~++mul(497,396)<how()where()?who()' >who()how()mul(86,348)select())mul(747,783)why()//>?, ^~@mul(158,203)][({select()^what()select()mul(229,945)]%~from()*<}mul(968,325)what()&do())~~how()mul(101,882)^what()<;where()></select()?mul(939,939)/+<<!:@from()mul(72,618)mul(664,824)*mul(956,999)mul(269,592)who()[*]{mul(32,322)^,/mul(610,414)who()?why()>from()select(184,173)}mul(513,563)what()()&*where()$mul(442,237))mul(39,572)^*mul(753,637);mul(46,122):select()-how(974,73)/ (mul(827,817)]?where()$]from()what()^)mul(559,203)?<,where()(^>/!%mul(823,69)select()~;%~*<when()do()mul(902,726&@,{]what()--^mul(50,852)]&'why()%#$how()!mul(675,551)how()&mul(287,990)!< }why()mul(765,884)-/mul(408,139)<how()/@'from()$'mul(759,374)mul(354,67)where(137,800)%what()[;/>how()!$mul(291,838)[mul(888,306)~#:$ }#^~why(270,533)mul(463,460)$@don't()mul(975,594)<?  mul(765,187)~}(-when()~'+([mul(960,340)/>select()~@;who(973,38)when()'mul(665,454)mul(570,640)/([who()@who()?why()mul(97,557);<mul(914,671)don't()select()!where()mul(853,478)[,mul(123,676)~(;when() !(}}@mul(832,871)mul(761,511)]?mul(218,521)?mul(298,158)who(565,659)-(:@];mul(756,553how()@@select()what()]mul(521,695)@from()#}*&}(}mul(23,777)?%{~^@/[mul(875,668))'*( ~@-who(154,214)do(){+*- #:/&mul(586,605)^':(mul(801,675)+!:*+do()where()why(239,64)/mul(975,879)mul(533,77)<@-?when()!who()mul(308,973)
?)do())mul(449,426)~mul(200/%#$$)select()+:who()mul(463,285)',{#+&mul(821,317{]what()mul(964,348)*when()what()>([[mul(291,602)what(590,172)$}++';/mul(831,385){mul(299,25)mul(402,592)):what()]mul(49,44)/ &?~<mul(652,698):select()<#/! mul*{;,mul(338,76)- '@?<}who(826,950)-mul(499,44)>~,@$$)^%mul(21,890)}when()]+mul(696,311)<&when()when()/who()%^&mul(967,563)*@why(38,563){%{(mul(539,838)''&%)!mul(140,574)@mul(872,800)$$*[};?(mul(589,800)'[[<))'what()mul(571,216)+{!$!mul(327,56)}>@mul(179]{mul(728,336))who()*}/#from(385,957)mul(528,971)how(607,239)who()when()>mul(699,576),[where()-?;,mul(953,122why()from())-mul(50,327))&]select()*mul(191$<*}+*;%?~mul(717,832);!,-;#mul(877,863)})mul(10,865)how()>~mul(471,191)when()+;-,:#+>{mul(98,339) ,%%who()select()mul(590from()^,from(943,773)/%/(mul(498,29)+[-when()mul(556,808)$,{why()'who()what()}select()$mul(408,17)}@^}%what()when(533,550)mul(119,401)<&?select()!!],mul(800,82)~'++'-^'mul(202,735)'-;how()(why()-mul(878,380)++:,'%>select()why(),mul(517,67):(,mul(57,468)]!!?^who()'who()how()(mul(362,246){[select()@-,mul(790,848)who()/how()&;~mul(896,459)mul(244,758)^do()]*mul(393,498)how(827,483)++[;$^mul(242,357)?mul(246,74)mul(243,685)$-*how(); @;<!mul(22,701)from()-;<mul(362,732)%do()<</[select(247,938)select())]mul(560,346)@(-:/from()mul(149,424) mul(662,460)from(736,545);where()how()[mul(56,361)${&#^][%:;mul(804,220)'why())&+: [why()&mul(64,840)mul(689,477)mul(279,571):^how(543,315)who()mul(552,111)/+who()mul(422,133)&&;from()what();mul(394,845+]mul(317,924)!'mul(300,16where()from()[mul(86,484)$where()?who()(&what()-#)don't()]?{:who(),)mul(710,37);#]what()mul(384,945)@]from()/(:mul(804,612))where()why()from()mul(247,945)-[)>${when()[mul(507,599)'(>mul(814,895)mul(334,391)):/don't()$~,'{)#&+@mul(346}~:{,from()/[mul(545,281))[!&**/,what()mul(505,164)mul(992,413)from()why()from()#}&#!%mul(570,812)/&:&%~*who()who()<mul(993,860)why()mul(5,416)mul(476,705)why()'~}}select()mul(399,720)from() ~(who(){why()&how()don't()@)+%how()&mul(842,172)'((&(#mul(305,49)how()what(){$}?   #mul(732,705)$}>,>%'#mul(849,141)mul(808,151)>'}~!>select()[:when()mul(547,749)/&+}how();when()$[:don't()from()&@&~mul(48,835)%:&){(who()<'mul(939,418):where()what()%mul(281,802)],who();^^#[mul(243,694)^[ mul(155,458)where(933,846)select()/)$>~%!$mul(412,437)mul(760,807)when()who()! what()<)who()mul(835,695)]&>when()#^mul(605,495) *)',:^*'mulwhat()what()}(,},/mul(268,328)]&mul(311,488)from(246,449):-!mul(728,913)who()]!why()*-why()({&mul(147,343)mul(87,236)from(233,81)#how()from()mul(72,161)!when()-/))mul(649,993)how()}where()where()~}do()<(mul(909,297)/?++mul(458,304)-mul(189,748):['!^%)mul(472,150)}#-mul(813,811)-<mul(235,856)'mul(207,698)mul(516,121)+mul(50,721), mul(102,815)[ select()+when()mul(25,317)mul(482,734)mul(205,924from()mul(866,589)how(242,498))*mul(427,953)select()what()'%?,},^mul(80,867)<mul(41,516),-#[,>who()mul(999,939)mul(748,494)why()<$$;!@{select()mul(679,545)who()!+%;mul(539,710)#}{#{do(){where()('(>*what(161,284)*]mul(822,730){)who()/mul(834,405)@-when()[why()^?#mul(651,356)don't()select()~ @+[<why()mul(511,258)%(;mul(799,627)-;^from()when()}mul(69,994)^;select()&~from()'mul(12,523)
what()mul(356,503){mul(474,675){#'mul(841,102)@-#who()how()%)*'>mul(647,152)who()from(){mul(313,955)from()}{}#+why(),from(),mul(322,157)'+{^*mul(616,129)@%+where(),don't()%who()why()*#![@mul(765,206)%from()>when()where()@>mul!(mul(613,820)!(why()[[mul(195,689)select()mul(287,64}(mul(227,843){}@/^mul(755,318)mul(545,146) )select()'&mul(157,240)-!]}mul(19,327,~mul(784,50)&?mul(852,312):what(313,343)~@:where()!&,mul(255,419)when()*%do()+#'>:what(),$)mul(677,837)+)}* from()where()select()who()what()mul(997,527)#^/how()mul(213,791#}('why()^ }&mul(919,990)+%&$(mul(215,630/')&~^where()>{~mul(654,677)why()/how()when()select()mul(852,638)mul(71,501)where())/+:mul(141,473)%)why();mul(504,165)select()#,( ~mul(30,152)^where(),what()$from()>&)mul(352,484)who()?[)*]+$:@don't()~})$$(mul(795,493)*mul(523,934)-$<select(398,854) *:mul(241,539)how(),[mul(117,343)#select()&!(do(){?mul(82,602)@};?mul(219,928)~do()-where()+@who():^$mul(669,269):,:'!select()how())mul(674,628)[^'[];*$mul(567,622){select()*&when()who()-}mul(445,67)-<from())][mul(533,836)*$]mul(696,360):?-mul(899,236){?when()mul(422,984)from()when()select()select()mul(442,714<~?(/'where()what()mul(212,183)when()do() /[&who()'>#when()where()mul(628,695)+[mul(350,307)!-#<(don't();-+/mul(454(+mul(351,814)when()&when();%;:mul> ?/*+(['&mul(588,769)what(893,970)+ }mul(192,561)from()mul(949,495)<%%@/how()~%where()mul(240,75)mul(498,644)what(443,293)select()@'[mul(339,505))~@$who(55,600)&-mul(802,658); select(),mul(411,736)#::[mul(535,739)#}where()mul(628,133)what(){[]what()do()mul(378,833)}^[+who()when()mul(272,918)]mul(142,109){?:^<)mul(385,751){select()mul(888,606)who()who())/%;'when()mul(21,135)&'*,+): ;mul(185,209)mul(827,134)/~why()when()*@mul(878,159)#mul(621,651)mul(366,275)#!?~!>{mul(695,683);mul(625,943)-{who()/mul(358,71)#~<select()don't(){}mul(835,26)select()~$>'+why(845,349)[mul(599,523)@^mul(492,279)<)$why(),from()select()from()+/mul(763,890)^who(416,926)-@@+?~who()mul(220,104) +/<-(,(do()+when();>~mul(4,604)what()from()don't():/%who()$mul(263,144)mul(524,547)mul(751,211)^when();:;+when()mul(79,232)mul(918,973)how(449,332)@who()){from():@mul(235,405)$[select()})&when()do()*how()-&mul(679,136)>~mul(374,747)}from()mul(835,437)'when();^';/mul(197,989)^when()?+;/+mul(344,942)*%</'why()-*from()mul(315,740)#^/[when()$*{%;mul(110,718)[!'mul(724,444);what() +?({who()mul(313,839)from()who();mul(326,795)];how();mul(959,354)#~~>where()!from()%(mul(798,73)who(){#who()*select(628,265)$]do()>^${>why()-mul(430,277)]select():!%mul(678,453)~how()%how()/*mul(832,734)*who():/?who(156,121)/why()do()<#<$@,why()@mul(945,879)&^]&?#]where()( don't();)~*'!<+mul(286,848)~(^^mul(773,10)mul(66,770)#from()(~!::why()select()*mul(261,873)why(279,409);]}+mul(122,222)[how()+why()when()why()what()^,mul(531,742)+}}!how()^mul(937,106)&#how()~^:>-(mul(482,447)(mul(282,573)}?)mul(123,394)mul(918,324),@^+{{*@do()mul(288,561)/what()[# %~mul(426,213);*do())!+@where()&)mul(117,442)$~ $?~:why()[:don't() from()-from()>mul(818,513)how(800,358)where(),#+[+mul(463,762)mul(400,662)]#mul(689,771)select()when()>why(),*where()mul(933,332)mul(976,816))~from()%{mul(310,407)(:!(/-@!*$mul(536,576)? [!when()!^ mul(862,302)]select(336,393)@select()mul(296,939)mul(745,689)mul(162,820)((@when()when(115,188)